issue	decision	proof_version	key_width	value_width	head_count	sequence_length	score_row_count	trace_row_count	selected_positions	score_row_commitment	final_kv_cache_commitment	outputs_commitment	statement_commitment	non_claims
455	GO_INPUT_FOR_STWO_NATIVE_ATTENTION_KV_MASKED_SEQUENCE_AIR_PROOF	stwo-attention-kv-d8-causal-mask-two-head-air-proof-v1	8	8	2	8	104	128	[1,1,1,1,0,2,2,4,0,0,7,2,2,5,6,2]	blake2b-256:ce21110487f94644359707df3dac02bc1cf40c9a748d29dd8f45581904683167	blake2b-256:1b4289832e620201afaf25aba2a816e4f34cadf352accf163fe40a6431ca6bc5	blake2b-256:03f3b934ae0148d5db3de1313ad6d93604fc7509df30e386d20e1e91d59421fd	blake2b-256:718f31a22d372cf1a334791b116a535317a230503350b616d42bdd7dc3fe4aab	"[""not Softmax attention"",""not full transformer inference"",""not recursive verification or PCD"",""not private witness privacy"",""not long-context benchmark evidence"",""not on-chain verification evidence"",""argmax and sequence carry are verifier-recomputed from public rows before proof verification""]"
